# Hyperparameter Evolution Results
# Generations: 12
# Metrics:      0.716     0.734      0.77     0.439    0.0471    0.0202   0.00562

lr0: 0.0113
lrf: 0.0195 #0.039
momentum: 0.888
weight_decay: 0.00064
warmup_epochs: 3.15
warmup_momentum: 0.606
warmup_bias_lr: 0.08
box: 0.0444
cls: 0.2
cls_pw: 0.947
obj: 1.02
obj_pw: 1.05
iou_t: 0.2
anchor_t: 4.77
fl_gamma: 0.0
hsv_h: 0.015
hsv_s: 0.79
hsv_v: 0.408
degrees: 0.0
translate: 0.28
scale: 0.528
shear: 0.0
perspective: 0.0
flipud: 0.0
fliplr: 0.423
mosaic: 1.0
mixup: 0.168
copy_paste: 0.0
paste_in: 0.171
#anchors: 3.02
loss_ota: 1